1	3 1 2		4 20 16
2	2 3 1		2 9 2
3	1 2 3		17 23 11
4	1 1 3		13 10 18
5	3 2 1		10 17 25
6	3 3 3		3 2 5
7	1 2 1		13 12 6
8	2 1 3		23 2 8
9	3 1 1		25 17 9
10	2 1 1		3 9 8
11	1 3 2		22 24 17
12	2 2 2		24 8 3
13	3 2 2		20 3 25
14	1 1 2		21 13 22
15	1 1 1		19 6 7
16	3 3 2		17 7 22
17	1 1 3		21 10 9
18	2 2 3		8 23 1
19	1 3 2		1 24 5
20	2 1 3		5 2 18
21	3 1 3		25 1 23
22	2 3 2		13 1 17
23	1 3 1		14 18 4
24	1 1 3		21 20 10
25	2 1 2		19 4 6
26	2 1 1		12 14 11
27	1 3 2		23 3 17
28	1 1 3		25 1 23
29	2 2 3		10 21 25
30	3 2 3		21 10 9
31	1 2 3		14 19 10